Reading C:/intelFPGA_lite/17.0/modelsim_ase/tcl/vsim/pref.tcl

# 10.5b

# vsim -c -quiet -do "set NumericStdNoWarnings 1; set StdArithNoWarnings 1; run -all; quit -f" "+prog=3" "+iters=3" work.tb_m68k_timing 
# Start time: 06:48:16 on Sep 08,2026
# set NumericStdNoWarnings 1
# 1
#  set StdArithNoWarnings 1
# 1
#  run -all
# 
# ---- bus cycles (clk index, 1 clk = 130.3707 ns @ 7.670454 MHz) ----
#   #   clk0  clk1  len  R/W  address   UDS LDS  data   dclk
#    0     72    75    4   R   000000    0   0   00ff   0
#    1     76    79    4   R   000002    0   0   8000   4
#    2     80    83    4   R   000004    0   0   0001   4
#    3     84    87    4   R   000006    0   0   8420   4
#    4     88    91    4   R   018420    0   0   31fc   4
#    5     94    97    4   R   018422    0   0   0000   6
#    6     98   101    4   R   018424    0   0   8020   4
#    7    102   105    4   R   018426    0   0   31fc   4
#    8    106   109    4   W   ff8020    0   0   0000   4
#    9    110   113    4   R   018428    0   0   0000   4
#   10    114   117    4   R   01842a    0   0   8020   4
#   11    118   121    4   R   01842c    0   0   31fc   4
#   12    122   125    4   W   ff8020    0   0   0000   4
#   13    126   129    4   R   01842e    0   0   0000   4
#   14    130   133    4   R   018430    0   0   8020   4
#   15    134   137    4   R   018432    0   0   31fc   4
#   16    138   141    4   W   ff8020    0   0   0000   4
#   17    142   145    4   R   018434    0   0   0000   4
#   18    146   149    4   R   018436    0   0   8020   4
#   19    150   153    4   R   018438    0   0   31fc   4
#   20    154   157    4   W   ff8020    0   0   0000   4
#   21    158   161    4   R   01843a    0   0   0000   4
#   22    162   165    4   R   01843c    0   0   8020   4
#   23    166   169    4   R   01843e    0   0   31fc   4
#   24    170   173    4   W   ff8020    0   0   0000   4
#   25    174   177    4   R   018440    0   0   0000   4
#   26    178   181    4   R   018442    0   0   8020   4
#   27    182   185    4   R   018444    0   0   31fc   4
#   28    186   189    4   W   ff8020    0   0   0000   4
#   29    190   193    4   R   018446    0   0   0000   4
#   30    194   197    4   R   018448    0   0   8020   4
#   31    198   201    4   R   01844a    0   0   31fc   4
#   32    202   205    4   W   ff8020    0   0   0000   4
#   33    206   209    4   R   01844c    0   0   0000   4
#   34    210   213    4   R   01844e    0   0   8020   4
#   35    214   217    4   R   018450    0   0   0c78   4
#   36    218   221    4   W   ff8020    0   0   0000   4
#   37    222   225    4   R   018452    0   0   0000   4
#   38    226   229    4   R   018454    0   0   8010   4
#   39    230   233    4   R   018456    0   0   0c78   4
#   40    234   237    4   R   ff8010    0   0   0000   4
#   41    238   241    4   R   018458    0   0   0000   4
#   42    242   245    4   R   01845a    0   0   8010   4
#   43    246   249    4   R   01845c    0   0   0c78   4
#   44    250   253    4   R   ff8010    0   0   0000   4
#   45    254   257    4   R   01845e    0   0   0000   4
#   46    258   261    4   R   018460    0   0   8010   4
#   47    262   265    4   R   018462    0   0   0c78   4
#   48    266   269    4   R   ff8010    0   0   0000   4
#   49    270   273    4   R   018464    0   0   0000   4
#   50    274   277    4   R   018466    0   0   8010   4
#   51    278   281    4   R   018468    0   0   0c78   4
#   52    282   285    4   R   ff8010    0   0   0000   4
#   53    286   289    4   R   01846a    0   0   0000   4
#   54    290   293    4   R   01846c    0   0   8010   4
#   55    294   297    4   R   01846e    0   0   0c78   4
#   56    298   301    4   R   ff8010    0   0   0000   4
#   57    302   305    4   R   018470    0   0   0000   4
#   58    306   309    4   R   018472    0   0   8010   4
#   59    310   313    4   R   018474    0   0   0c78   4
#   60    314   317    4   R   ff8010    0   0   0000   4
#   61    318   321    4   R   018476    0   0   0000   4
#   62    322   325    4   R   018478    0   0   8010   4
#   63    326   329    4   R   01847a    0   0   0c78   4
#   64    330   333    4   R   ff8010    0   0   0000   4
#   65    334   337    4   R   01847c    0   0   0000   4
#   66    338   341    4   R   01847e    0   0   8010   4
#   67    342   345    4   R   018480    0   0   0c78   4
#   68    346   349    4   R   ff8010    0   0   0000   4
#   69    350   353    4   R   018482    0   0   0000   4
#   70    354   357    4   R   018484    0   0   8010   4
#   71    358   361    4   R   018486    0   0   6700   4
#   72    362   365    4   R   ff8010    0   0   0000   4
#   73    366   369    4   R   018488    0   0   fff8   4
#   74    372   375    4   R   018480    0   0   0c78   6
#   75    376   379    4   R   018482    0   0   0000   4
#   76    380   383    4   R   018484    0   0   8010   4
#   77    384   387    4   R   018486    0   0   6700   4
#   78    388   391    4   R   ff8010    0   0   0000   4
#   79    392   395    4   R   018488    0   0   fff8   4
#   80    398   401    4   R   018480    0   0   0c78   6
#   81    402   405    4   R   018482    0   0   0000   4
#   82    406   409    4   R   018484    0   0   8010   4
#   83    410   413    4   R   018486    0   0   6700   4
#   84    414   417    4   R   ff8010    0   0   0000   4
#   85    418   421    4   R   018488    0   0   fff8   4
#   86    424   427    4   R   018480    0   0   0c78   6
#   87    428   431    4   R   018482    0   0   0000   4
#   88    432   435    4   R   018484    0   0   8010   4
#   89    436   439    4   R   018486    0   0   6700   4
#   90    440   443    4   R   ff8010    0   0   0000   4
#   91    444   447    4   R   018488    0   0   fff8   4
#   92    450   453    4   R   018480    0   0   0c78   6
#   93    454   457    4   R   018482    0   0   0000   4
#   94    458   461    4   R   018484    0   0   8010   4
#   95    462   465    4   R   018486    0   0   6700   4
#   96    466   469    4   R   ff8010    0   0   0000   4
#   97    470   473    4   R   018488    0   0   fff8   4
#   98    476   479    4   R   018480    0   0   0c78   6
#   99    480   483    4   R   018482    0   0   0000   4
#  100    484   487    4   R   018484    0   0   8010   4
#  101    488   491    4   R   018486    0   0   6700   4
#  102    492   495    4   R   ff8010    0   0   0000   4
#  103    496   499    4   R   018488    0   0   fff8   4
#  104    502   505    4   R   018480    0   0   0c78   6
#  105    506   509    4   R   018482    0   0   0000   4
#  106    510   513    4   R   018484    0   0   8010   4
#  107    514   517    4   R   018486    0   0   6700   4
#  108    518   521    4   R   ff8010    0   0   0000   4
#  109    522   525    4   R   018488    0   0   fff8   4
#  110    528   531    4   R   018480    0   0   0c78   6
#  111    532   535    4   R   018482    0   0   0000   4
#  112    536   539    4   R   018484    0   0   8010   4
#  113    540   543    4   R   018486    0   0   6700   4
#  114    544   547    4   R   ff8010    0   0   0000   4
#  115    548   551    4   R   018488    0   0   fff8   4
#  116    554   557    4   R   018480    0   0   0c78   6
#  117    558   561    4   R   018482    0   0   0000   4
#  118    562   565    4   R   018484    0   0   8010   4
#  119    566   569    4   R   018486    0   0   6700   4
#  120    570   573    4   R   ff8010    0   0   0000   4
#  121    574   577    4   R   018488    0   0   fff8   4
#  122    580   583    4   R   018480    0   0   0c78   6
#  123    584   587    4   R   018482    0   0   0000   4
#  124    588   591    4   R   018484    0   0   8010   4
#  125    592   595    4   R   018486    0   0   6700   4
#  126    596   599    4   R   ff8010    0   0   0000   4
#  127    600   603    4   R   018488    0   0   fff8   4
#  128    606   609    4   R   018480    0   0   0c78   6
#  129    610   613    4   R   018482    0   0   0000   4
#  130    614   617    4   R   018484    0   0   8010   4
#  131    618   621    4   R   018486    0   0   6700   4
#  132    622   625    4   R   ff8010    0   0   0000   4
#  133    626   629    4   R   018488    0   0   fff8   4
#  134    632   635    4   R   018480    0   0   0c78   6
#  135    636   639    4   R   018482    0   0   0000   4
#  136    640   643    4   R   018484    0   0   8010   4
#  137    644   647    4   R   018486    0   0   6700   4
#  138    648   651    4   R   ff8010    0   0   0000   4
#  139    652   655    4   R   018488    0   0   fff8   4
#  140    658   661    4   R   018480    0   0   0c78   6
#  141    662   665    4   R   018482    0   0   0000   4
#  142    666   669    4   R   018484    0   0   8010   4
#  143    670   673    4   R   018486    0   0   6700   4
#  144    674   677    4   R   ff8010    0   0   0000   4
#  145    678   681    4   R   018488    0   0   fff8   4
#  146    684   687    4   R   018480    0   0   0c78   6
#  147    688   691    4   R   018482    0   0   0000   4
#  148    692   695    4   R   018484    0   0   8010   4
#  149    696   699    4   R   018486    0   0   6700   4
#  150    700   703    4   R   ff8010    0   0   0000   4
#  151    704   707    4   R   018488    0   0   fff8   4
#  152    710   713    4   R   018480    0   0   0c78   6
#  153    714   717    4   R   018482    0   0   0000   4
#  154    718   721    4   R   018484    0   0   8010   4
#  155    722   725    4   R   018486    0   0   6700   4
#  156    726   729    4   R   ff8010    0   0   0000   4
#  157    730   733    4   R   018488    0   0   fff8   4
#  158    736   739    4   R   018480    0   0   0c78   6
#  159    740   743    4   R   018482    0   0   0000   4
#  160    744   747    4   R   018484    0   0   8010   4
#  161    748   751    4   R   018486    0   0   6700   4
#  162    752   755    4   R   ff8010    0   0   0000   4
#  163    756   759    4   R   018488    0   0   fff8   4
#  164    762   765    4   R   018480    0   0   0c78   6
#  165    766   769    4   R   018482    0   0   0000   4
#  166    770   773    4   R   018484    0   0   8010   4
#  167    774   777    4   R   018486    0   0   6700   4
#  168    778   781    4   R   ff8010    0   0   0000   4
#  169    782   785    4   R   018488    0   0   fff8   4
#  170    788   791    4   R   018480    0   0   0c78   6
#  171    792   795    4   R   018482    0   0   0000   4
#  172    796   799    4   R   018484    0   0   8010   4
#  173    800   803    4   R   018486    0   0   6700   4
#  174    804   807    4   R   ff8010    0   0   0000   4
#  175    808   811    4   R   018488    0   0   fff8   4
#  176    814   817    4   R   018480    0   0   0c78   6
#  177    818   821    4   R   018482    0   0   0000   4
#  178    822   825    4   R   018484    0   0   8010   4
#  179    826   829    4   R   018486    0   0   6700   4
#  180    830   833    4   R   ff8010    0   0   0000   4
#  181    834   837    4   R   018488    0   0   fff8   4
#  182    840   843    4   R   018480    0   0   0c78   6
#  183    844   847    4   R   018482    0   0   0000   4
#  184    848   851    4   R   018484    0   0   8010   4
#  185    852   855    4   R   018486    0   0   6700   4
#  186    856   859    4   R   ff8010    0   0   0000   4
#  187    860   863    4   R   018488    0   0   fff8   4
#  188    866   869    4   R   018480    0   0   0c78   6
#  189    870   873    4   R   018482    0   0   0000   4
#  190    874   877    4   R   018484    0   0   8010   4
#  191    878   881    4   R   018486    0   0   6700   4
#  192    882   885    4   R   ff8010    0   0   0000   4
#  193    886   889    4   R   018488    0   0   fff8   4
#  194    892   895    4   R   018480    0   0   0c78   6
#  195    896   899    4   R   018482    0   0   0000   4
#  196    900   903    4   R   018484    0   0   8010   4
#  197    904   907    4   R   018486    0   0   6700   4
#  198    908   911    4   R   ff8010    0   0   0000   4
#  199    912   915    4   R   018488    0   0   fff8   4
#  200    918   921    4   R   018480    0   0   0c78   6
#  201    922   925    4   R   018482    0   0   0000   4
#  202    926   929    4   R   018484    0   0   8010   4
#  203    930   933    4   R   018486    0   0   6700   4
#  204    934   937    4   R   ff8010    0   0   0000   4
#  205    938   941    4   R   018488    0   0   fff8   4
#  206    944   947    4   R   018480    0   0   0c78   6
#  207    948   951    4   R   018482    0   0   0000   4
#  208    952   955    4   R   018484    0   0   8010   4
# ---- 209 bus cycles ----
# ** Note: $finish    : tb_m68k_timing.sv(406)
#    Time: 125018256 ps  Iteration: 2  Instance: /tb_m68k_timing
# End time: 06:48:17 on Sep 08,2026, Elapsed time: 0:00:01
# Errors: 0, Warnings: 0
